-0.398978352546692 -0.0315621793270111 0.932000041007996
-0.344544261693954 -0.189814195036888 1.03600001335144
-0.160102441906929 -0.09378781914711 1.09100008010864
0.215048834681511 -0.222627654671669 1.09100008010864
0.419516146183014 -0.106471560895443 1.04800009727478
-0.476481437683105 0.214458361268044 0.961000025272369
-0.512466013431549 0.044760849326849 1.05200004577637
-0.306051045656204 0.0181151703000069 1.09800004959106
-0.288147747516632 -0.135098770260811 1.08800005912781
-0.0670648589730263 -0.294901639223099 1.05800008773804
0.168593868613243 -0.310107886791229 1.00600004196167
-0.561794340610504 0.245727926492691 1.05200004577637
-0.48557636141777 0.0911081433296204 1.15299999713898
-0.285786747932434 0.165972366929054 1.13100004196167
-0.203189134597778 0.0356303229928017 1.10900008678436
0.0521026067435741 -0.0114802354946733 1.01700007915497
0.240720242261887 0.0729217678308487 0.903000056743622
-0.388040810823441 -0.17019334435463 1.12000000476837
-0.254052639007568 -0.245404034852982 1.24500000476837
-0.152441993355751 -0.055931955575943 1.26300001144409
-0.00331356003880501 -0.0983022823929787 1.2720000743866
0.235346987843513 0.0379591919481754 1.24900007247925
0.34614285826683 0.234483867883682 1.1690000295639
-0.165245577692986 -0.247448951005936 0.966000020503998
-0.0138586005195975 -0.331682503223419 1.06400001049042
0.0629888996481895 -0.138575583696365 1.11600005626678
0.216874942183495 -0.162413075566292 1.12000000476837
0.428139567375183 0.00869809556752443 1.11300003528595
0.508261561393738 0.230349734425545 1.07400000095367
